Station,,,,,,Ground Level outside Station,Mean,Annual Entry + Exit million,Line(s)[*],Opened[3],Usage[5]
Abbey Road,539081,183352,51.53195199,0.003737786,3,0,0,0,,,
Abbey Wood,547297,179002,51.49078408,0.120286371,4,0,0,0,,,
Acton,520296,181196,51.51688696,-0.267675543,3,0,0,0,,,
Acton Central,520613,180299,51.50875781,-0.263415792,2,0,0,0,,,
Acton Town,519457,179639,51.50307148,-0.280288296,3,21,115.5,8899,District,July 1 1879,5.46
Albany Park,547903,172902,51.43581559,0.126459022,5,0,0,0,Piccadilly,,
Aldgate,533629,181246,51.51434239,-0.075612504,1,16,108.8,10397,Metropolitan[a],November 18 1876,5.974
Aldgate East,533809,181333,51.51508163,-0.072987054,1,14,105.01,12271,Hammersmith & City[d],October 6 1884,9.048
Alexandra Palace,530300,190498,51.59826284,-0.120134537,3,0,0,0,District,resited 31 October 1938,
All Saints,538012,180933,51.51047693,-0.012610478,2,0,0,0,DLR (Stratford Branch),August 31 1987,No Data
Alperton,518025,183849,51.54120931,-0.299501341,4,33,139.8,4719,Piccadilly[h],June 28 1903,3.044
Amersham,496454,198181,51.67412939,-0.606499331,9,145,249.3,3938,Metropolitan,September 1 1892,2.088
Anerley,534656,169942,51.41251673,-0.065122723,4,0,0,0,,,
Angel,531497,183263,51.53296803,-0.105567034,1,34,98.35,25367,Northern,November 17 1901,18.052
Angel Road,535204,192202,51.61242033,-0.048718479,4,0,0,0,,,
Archway,529356,186827,51.56549055,-0.135107152,2,56,134.73,12092,Northern,June 22 1907,8.048
Arnos Grove,529271,192471,51.61623016,-0.134255778,4,43,137.6,6392,Piccadilly,September 19 1932,4.312
Arsenal,531429,186107,51.55854139,-0.105485511,2,25,116.76,3752,Piccadilly,December 15 1906,3.052
Baker Street,527965,182078,51.52312964,-0.156889783,1,27,112.975,37818,Metropolitan[b],January 10 1863,25.637
Balham,528482,173195,51.44318258,-0.152670777,3,26,112.62,17957,Northern,December 6 1926,11.55
Bank,532704,181111,51.51334707,-0.088985715,1,14,90.62,0,Waterloo & City,August 8 1898,40.655[6]
Banstead,524590,160426,51.32929315,-0.213117985,6,0,0,0,Northern,,
Barbican,532079,181859,51.5202153,-0.097707168,1,18,109.4,16968,Metropolitan[b],December 23 1865,9.261
Barking,544405,184343,51.5395211,0.080846027,4,9,106.4,19993,District[j],June 2 1902,13.046
Barkingside,544788,189510,51.5858506,0.088491071,4,25,125.5,1485,Central,May 31 1948,0.975
Barnehurst,550206,176193,51.46478027,0.160962416,6,0,0,0,,,
Barnes,522209,175705,51.4671278,-0.242018668,3,0,0,0,,,
Barnes Bridge,521478,176255,51.47222808,-0.252348221,3,0,0,0,,,
Barons Court,524133,178322,51.49022871,-0.213415744,2,4.6,102.05,10502,District,October 9 1905,6.349
Battersea Park,528703,176999,51.47731834,-0.148109364,2,0,0,0,District[c],October 1 1868,6.44
Bayswater,525845,180799,51.51211131,-0.187887166,1,25,117.96,8419,Circle,,
Beckenham Hill,538002,171379,51.42462606,-0.016481381,4,0,0,0,,,
Beckenham Junction,537403,169840,51.41094164,-0.025687363,4,0,0,0,,,
Beckton,543145,181509,51.51437662,0.061539706,3,0,0,0,DLR (Beckton Branch),March 28 1994,No Data
Beckton Park,542697,180887,51.50890079,0.054836346,3,0,0,0,DLR (Beckton Branch),March 28 1994,No Data
Becontree,547598,184442,51.53958539,0.126894709,5,11,106.1,3429,District,July 18 1932,2.421
Bellingham,537702,172399,51.4338649,-0.020397387,3,0,0,0,,,
Belmont,525500,162098,51.34411995,-0.199474898,5,0,0,0,,,
Belsize Park,527399,185075,51.5501909,-0.163960072,2,68,132.415,8779,Northern,June 22 1907,6.081
Belvedere,549498,179197,51.49195898,0.152048194,5,0,0,0,,,
Bermondsey,534461,179445,51.49796079,-0.064315686,2,2,87.5,10145,Jubilee,September 17 1999,6.378
Berrylands,519728,168040,51.39876844,-0.280307105,5,0,0,0,,,
Bethnal Green,534995,182712,51.52719175,-0.055377699,2,14,98.03,20415,Central,December 4 1946,15.11
Bethnal Green Rail,534683,182380,51.52428275,-0.059999331,2,0,0,0,,,
Bexley,549399,173502,51.44081451,0.148218299,6,0,0,0,,,
Bexleyheath,548294,176000,51.46354994,0.133377358,5,0,0,0,,,
Bickley,542304,168799,51.40037956,0.044318405,5,0,0,0,,,
Birkbeck,535297,168996,51.4038631,-0.056271862,4,0,0,0,,,
Blackfriars,531738,180890,51.51158694,-0.102980977,1,8,100.7,21708,District[i],May 30 1870,0
Blackheath,539604,175961,51.46540801,0.008350988,3,0,0,0,Circle,,[7]
Blackhorse Road,535914,189256,51.58577663,-0.03961128,3,12,96.44,9202,Victoria,September 1 1968,5.679
Blackwall,538394,180649,51.50783154,-0.007220759,2,0,0,0,DLR (Beckton Branch),March 28 1994,No Data
Bond Street,528497,181053,51.51379754,-0.149599201,1,22,96,56762,Central,September 24 1900,36.851
Borough,532379,179734,51.50104888,-0.094182918,1,4,86.52,6689,Northern,December 18 1890,4.869
Boston Manor,516391,178755,51.49576557,-0.324732786,4,25,119.4,2882,Piccadilly[l],May 1 1883,1.935
Bounds Green,529996,191466,51.60703194,-0.124162627,4,47,130.82,8133,Piccadilly,September 19 1932,5.554
Bow Church,537414,182824,51.52761521,-0.020485486,2,0,0,0,DLR (Stratford Branch),August 31 1987,No Data
Bow Road,537148,182753,51.52704181,-0.024345178,2,12,106.8,7207,District[j],June 11 1902,5.084
Bowes Park,530299,191498,51.60724953,-0.119777781,3,0,0,0,Hammersmith & City,,
Brent Cross,523905,187927,51.57659924,-0.213321412,3,48,151.9,2859,Northern,November 19 1923,2.142
Brentford,517462,177864,51.48753634,-0.309608136,4,0,0,0,,,
Brimsdown,536297,196997,51.65524462,-0.031077823,5,0,0,0,,,
Brixton,531076,175437,51.46273682,-0.114537705,2,14,94.79,30573,Victoria,July 23 1971,20.88
Brockley,536405,175801,51.46474967,-0.037733857,2,0,0,0,,,
Bromley North,540395,169699,51.40894231,0.017249828,4,0,0,0,,,
Bromley South,540431,168705,51.40000129,0.017373953,5,0,0,0,,,
Bromley-by-Bow,538034,182532,51.5248402,-0.011667962,2,15,112.2,4113,District[j],June 2 1902,2.406
Brondesbury,524718,184460,51.54526239,-0.202824067,2,0,0,0,Hammersmith & City,,
Brondesbury Park,524202,183898,51.54032539,-0.21045953,2,0,0,0,,,
Bruce Grove,533758,190115,51.59401125,-0.070384556,3,0,0,0,,,
Buckhurst Hill,541768,193957,51.62657665,0.046726986,5,40,134.9,2531,Central,November 21 1948,1.722
Burnt Oak,520303,190728,51.60255194,-0.264316276,4,51,147,4748,Northern,October 27 1924,3.644
Bush Hill Park,533696,195396,51.64148197,-0.069265963,5,0,0,0,,,
Bushey,511860,195318,51.64554421,-0.384707091,8,0,0,0,,,
Caledonian Road,530568,184899,51.54788546,-0.118346442,2,36,112.93,7928,Piccadilly,December 15 1906,4.93
Caledonian Road and Barnsbury,530800,184393,51.54328459,-0.115190439,2,0,0,0,,,
Cambridge Heath,534855,183250,51.53205977,-0.057188786,2,0,0,0,,,
Camden Road,529140,184191,51.54185125,-0.139188695,2,0,0,0,,,
Camden Town,528920,183976,51.53996937,-0.142437964,2,27,110.545,26254,Northern,June 22 1907,19.674
Canada Water,535399,179493,51.49816842,-0.050792717,2,5,86.675,13321,Jubilee,September 17 1999,10.611
Canary Wharf,537558,180153,51.50357841,-0.019452435,2,3,84.35,74908,Jubilee,September 17 1999,39.616
Canning Town,539454,181350,51.51387029,0.008320042,3,2,100,12249,DLR (Beckton & Woolwich Arsenal Branches),March 28 1994,7.835
Cannon Street,532623,180888,51.5113621,-0.090236119,1,11,104.4,7155,District[i],October 6 1884,3.933
Canonbury,532355,184979,51.5481884,-0.092559776,2,0,0,0,Circle,,
Canons Park,518208,191246,51.60765061,-0.294377158,5,65,170.1,2540,Jubilee[e],December 10 1932,1.646
Carpenders Park,511826,193386,51.62818676,-0.385814879,7,0,0,0,,,
Carshalton,527737,164858,51.36842639,-0.166383965,5,0,0,0,,,
Carshalton Beeches,527552,163625,51.35738686,-0.169481967,5,0,0,0,,,
Castle Bar Park,515853,181770,51.52297371,-0.331489665,4,0,0,0,,,
Catford,537245,173544,51.44426491,-0.026524112,3,0,0,0,,,
Catford Bridge,537363,173595,51.44469463,-0.024807489,3,0,0,0,,,
Chadwell Heath,547646,187611,51.56804686,0.128915537,5,0,0,0,,,
Chalfont and Latimer,499610,197550,51.66790755,-0.56105332,8,122,220.7,0,Metropolitan,July 8 1889,1.108
Chalk Farm,528126,184421,51.5441491,-0.153718653,2,32,118.61,6324,Northern,June 22 1907,5.393
Chancery Lane,531096,181642,51.51849403,-0.111947617,1,20,97.805,28574,Central,July 30 1900,14.789
Charing Cross,530234,180492,51.50835864,-0.124788531,1,12,87.2,34185,Bakerloo,March 10 1906,22.842
Charlton,541108,178387,51.48683498,0.030956045,3,0,0,0,Northern,,
Cheam,524444,163334,51.35546027,-0.214196925,5,110,210.2,0,,,
Chelsfield,546944,164021,51.35626457,0.108998479,6,0,0,0,,,
Chesham,496048,201650,51.7053801,-0.611415188,9,0,0,646,Metropolitan,July 8 1889,0.427
Chessington North,518415,164168,51.36424348,-0.300461767,6,0,0,0,,,
Chessington South,517974,163319,51.35670457,-0.307074661,6,0,0,0,,,
Chigwell,543835,193045,51.61785786,0.076193657,4,44,139,576,Central,November 21 1948,0.397
Chislehurst,543205,169405,51.4055984,0.057506196,5,0,0,0,,,
Chiswick,520438,177182,51.48078153,-0.266998924,3,0,0,0,,,
Chiswick Park,520352,178692,51.49437075,-0.26772252,3,10,113,3715,District,July 1 1879,1.946
Chorleywood,502596,196092,51.65426599,-0.518319474,7,89,188.3,1690,Metropolitan,July 8 1889,0.859
City Thameslink,531688,181150,51.51393508,-0.10360404,1,0,0,0,,,
Clapham Common,529428,175291,51.46180369,-0.13830051,2,21,100.8,13807,Northern,June 3 1900,8.974
Clapham High Street,529824,175709,51.46546953,-0.132450109,2,0,0,0,,,
Clapham Junction,527198,175520,51.4643668,-0.170300609,2,0,0,0,,,
Clapham North,530003,175652,51.46491623,-0.12989567,2,13,98.73,9258,Northern,June 3 1900,5.571
Clapham South,528782,174259,51.45267651,-0.14796968,2,28,110.12,11442,Northern,September 13 1926,7.534
Clapton,534748,186531,51.56156909,-0.057475035,2,0,0,0,,,
Clock House,536367,169545,51.40854057,-0.040687717,4,0,0,0,,,
Cobham and Stoke D'Abernon,512362,158925,51.31834724,-0.389021998,,0,0,0,,,
Cockfosters,528087,196424,51.6520245,-0.149902259,5,98,194,2483,Piccadilly,July 31 1933,1.675
Colindale,521295,189937,51.59523055,-0.250273109,4,49,144,5788,Northern,August 18 1924,4.092
Colliers Wood,526831,170436,51.41875921,-0.177400721,3,12,98.92,7922,Northern,September 13 1926,5.295
Coulsdon South,529869,159056,51.31580096,-0.137888744,6,0,0,0,,,
Covent Garden,530242,180982,51.51276025,-0.124492486,1,23,86.01,13039,Piccadilly,April 11 1907,18.71
Crayford,551479,174424,51.44854673,0.178517104,6,0,0,0,,,
Crews Hill,530973,200109,51.68447462,-0.106829638,6,0,0,0,,,
Crofton Park,536517,174739,51.4551793,-0.036532192,3,0,0,0,,,
Crossharbour and London Arena,537896,179301,51.49583998,-0.01491841,2,0,0,0,DLR (Lewisham Branch),August 31 1987,No Data
Crouch Hill,530586,187508,51.57132711,-0.117118858,3,0,0,0,,,
Croxley,507921,195395,51.64700533,-0.441589348,7,72,165.4,1303,Metropolitan,November 2 1925,0.778
Crystal Palace,534120,170557,51.41817036,-0.072592854,4,0,0,0,,,
Custom House,540679,180911,51.50962205,0.025786918,3,0,0,0,DLR (Beckton Branch),March 28 1994,No Data
Cutty Sark for Maritime Greenwich,538240,177764,51.48194447,-0.010567468,2,0,0,0,DLR (Lewisham Branch),December 3 1999,No Data
Cyprus,543324,180863,51.50852657,0.063855163,3,0,0,0,DLR (Beckton Branch),March 28 1994,No Data
Dagenham Dock,548900,183000,51.52628718,0.145045427,5,0,0,0,District,June 2 1902,2.162
Dagenham East,550284,185033,51.54418732,0.16584785,5,10,106.4,3344,District,September 12 1932,4.239
Dagenham Heathway,549035,184665,51.54121177,0.147694138,5,11,106.2,5718,,,
Dalston Junction,533580,184778,51.54609372,-0.074979786,2,0,0,0,,,
Dalston Kingsland,533487,185062,51.54866783,-0.076212502,2,0,0,0,,,
Dartford,554233,174379,51.44739962,0.218097936,,0,0,0,,,
Debden,544275,196133,51.64549199,0.083815925,6,37,136.4,3033,Central,September 25 1949,1.896
Denmark Hill,532697,176087,51.46820065,-0.090973475,2,0,0,0,,,
Deptford,537165,177395,51.47889009,-0.026181922,2,0,0,0,,,
Deptford Bridge,537466,176912,51.47447677,-0.022038032,4,0,0,0,DLR (Lewisham Branch),November 20 1999,No Data
Devons Road,537603,182233,51.52225847,-0.017993343,2,0,0,0,DLR (Stratford Branch),August 31 1987,No Data
Dollis Hill,522207,185132,51.55185062,-0.238783341,3,37,139.4,5289,Jubilee[e],October 1 1909,3.293
Drayton Green,516002,180998,51.51600472,-0.32959685,4,0,0,0,,,
Drayton Park,531426,185499,51.55307832,-0.105755779,2,0,0,0,,,
Ealing Broadway,517920,180915,51.51486201,-0.301995973,3,33,127.9,27510,District,July 1 1879,17.86
Ealing Common,518963,180426,51.51024869,-0.28713701,3,29,124,5343,District,July 1 1879,3.4
Earls Court,525457,178480,51.4913567,-0.194299408,1,8,94.79,0,District,October 30 1871,20.43
Earlsfield,526081,173030,51.44223883,-0.187258302,3,0,0,0,Piccadilly,resited 1 February 1878,
East Acton,521656,181159,51.51626344,-0.248097815,2,12,117.9,5816,Central,August 3 1920,3.9
East Croydon,532904,165801,51.37571611,-0.091849131,5,0,0,0,,,
East Dulwich,533449,175375,51.46162559,-0.080422179,2,0,0,0,,,
East Finchley,527242,189204,51.58733256,-0.164729454,3,83,187.4,9005,Northern,July 3 1939,5.95
East Ham,542373,184255,51.53924616,0.05153071,3,11,105.7,19148,District[j],June 2 1902,12.67
East India,538729,180753,51.50868401,-0.002355924,2,0,0,0,DLR (Beckton Branch),March 28 1994,No Data
East Putney,524387,174840,51.45887981,-0.210983843,2,17,125,8615,District,June 3 1889,5.81
Eastcote,511191,187627,51.57655187,-0.396808871,5,53,148.1,3778,Metropolitan,May 26 1906,2.46
Eden Park,537396,167598,51.39079611,-0.026655345,5,0,0,0,Piccadilly[k],,
Edgware,519527,192009,51.61422966,-0.275079226,5,59,154.6,5258,Northern,August 18 1924,3.72
Edgware Road (Bakerloo),527026,181778,51.52064538,-0.170525141,1,32,107.13,0,Bakerloo,June 15 1907,3.71
Edgware Road (Circle/District/Hammersmith and City),527227,181711,51.51999806,-0.167653844,1,30,124.8,0,Hammersmith & City[c][d],October 1 1863,6.04
Edmonton Green,534273,193590,51.62511571,-0.061624575,4,0,0,0,District,,
Elephant and Castle,531940,179144,51.49584939,-0.100724312,1,3,82.3875,0,Northern,December 18 1890,18.54
Elm Park,552446,185647,51.54912456,0.197267102,6,18,112.3,3611,District,May 13 1935,2.4
Elmers End,535788,168389,51.39829111,-0.04944946,4,0,0,0,,,
Elmstead Woods,542247,170656,51.41708063,0.044243721,4,0,0,0,,,
Elstree and Borehamwood,519098,196299,51.65287561,-0.279814167,6,0,0,0,,,
Eltham,542690,174962,51.45566221,0.052343698,4,0,0,0,,,
Elverson Road,537848,176243,51.46837219,-0.016801982,2,0,0,0,DLR (Lewisham Branch),November 11 1999,No Data
Embankment,530406,180380,51.50731251,-0.12235293,1,5,91.13833333,31042,District[i],May 30 1870,20.85
Emerson Park,553971,187918,51.56911488,0.22023736,6,0,0,0,Bakerloo,,
Enfield Chase,532181,196607,51.65272212,-0.090689753,5,0,0,0,Northern,,
Enfield Lock,536437,198737,51.67084613,-0.028376612,6,0,0,0,Circle,,
Enfield Town,532970,196544,51.65197008,-0.07931547,5,0,0,0,,,
Epping,546197,201552,51.69368615,0.113840019,6,81,179.5,3561,Central,September 25 1949,2.48
Epsom Downs,522805,159756,51.32365947,-0.238955878,6,0,0,0,,,
Erith,551075,178096,51.48164765,0.174275688,6,0,0,0,,,
Essex Road,532114,184132,51.54063332,-0.096351109,2,0,0,0,,,
Euston,529587,182735,51.52866435,-0.133282058,1,0,0,42195,Northern,June 22 1907,28.13
Euston Square,529587,182735,51.52866435,-0.133282058,1,25,118.1,17759,Metropolitan[b],January 10 1863,10.58
Ewell East,522571,162152,51.34524391,-0.241488646,6,0,0,0,Circle,,
Ewell West,521473,162654,51.34999117,-0.257074776,6,0,0,0,Hammersmith & City,,
Fairlop,544902,190655,51.59610953,0.090607714,4,30,135.2,1140,Central,May 31 1948,0.8
Falconwood,544498,175394,51.45908579,0.078524085,4,0,0,0,,,
Farringdon,531585,181844,51.5201957,-0.104828651,1,11,106.5,32664,Metropolitan[b],January 10 1863,18.84
Feltham,510601,173298,51.44787922,-0.409810093,6,0,0,0,Circle,resited 23 December 1865,
Fenchurch Street,533434,180932,51.51156672,-0.078539745,1,0,0,0,Hammersmith & City,,
Finchley Central,525232,190664,51.60090327,-0.193206201,4,87,178.5,7805,Northern,April 14 1940,5.05
Finchley Road,526293,184703,51.54709622,-0.180036141,2,52,148.7,14945,Metropolitan,June 30 1879,10.18
Finchley Road and Frognal,526035,185033,51.55011952,-0.183636782,2,0,0,0,Jubilee[f],,
Finsbury Park,531385,186784,51.56463546,-0.105867061,2,32,123.6875,35854,Piccadilly,December 15 1906,26.3
Forest Gate,540447,185322,51.54931612,0.024203511,3,0,0,0,Victoria,,
Forest Hill,535398,172943,51.43930832,-0.053314119,3,0,0,0,,,
Fulham Broadway,525402,177244,51.48026093,-0.195529766,2,4,98.7,16078,District,March 1 1880,9.63
Fulwell,514832,171841,51.43394261,-0.349424141,6,0,0,0,,,
Gallions Reach,543873,180935,51.50903413,0.071789802,3,0,0,0,DLR (Beckton Branch),March 28 1994,No Data
Gants Hill,543266,188432,51.57655294,0.066098526,4,25,108.53,7316,Central,December 14 1947,5.258
Gidea Park,552941,189306,51.58186572,0.205991411,6,0,0,0,,,
Gipsy Hill,533321,171237,51.42446953,-0.083820787,3,0,0,0,,,
Gloucester Road,526196,178848,51.49449958,-0.183529157,1,7,93.665,20941,District[c],October 1 1868,13.734
Golders Green,525199,187471,51.57221556,-0.194820132,3,70,173.1,11709,Northern,June 22 1907,7.898
Goldhawk Road,523131,179616,51.50207699,-0.227389601,2,5,111,2496,Hammersmith & City[m],April 1 1914,1.578
Goodge Street,529505,181837,51.52061313,-0.134793279,1,27,98.08,13797,Northern,June 22 1907,8.699
Goodmayes,546462,187369,51.56618097,0.11174408,4,0,0,0,,,
Gordon Hill,531889,197799,51.66350225,-0.094458844,5,55,148.8,0,,,
Gospel Oak,528263,185677,51.55540531,-0.151286611,2,0,0,0,,,
Grange Hill,544963,192590,51.61348041,0.09228697,4,0,0,648,Central,November 21 1948,0.441
Grange Park,531753,195472,51.64262309,-0.097299974,5,0,0,0,,,
Great Portland Street,528861,182174,51.52378881,-0.143947013,1,29,121.4,10687,Metropolitan[b],January 10 1863,6.884
Green Park,529012,180283,51.5067605,-0.142463169,1,18,91.14,53304,Piccadilly,December 15 1906,28.259
Greenford,514808,183861,51.54198011,-0.345864323,4,22,132.2,5335,Central,June 30 1947,3.495
Greenwich,537956,177267,51.47754767,-0.014848686,4,0,0,0,DLR (Lewisham Branch),November 11 1999,No Data
Grove Park,540702,172099,51.43043264,0.022612885,4,0,0,0,,,
Gunnersbury,519843,178401,51.49186344,-0.275149734,3,10,106,5830,District,June 1 1877,3.824
Hackbridge,528582,165929,51.37786092,-0.153864832,4,0,0,0,,,
Hackney Central,534922,184943,51.54725745,-0.055575093,2,0,0,0,,,
Hackney Downs,534598,185137,51.54907809,-0.060170685,2,0,0,0,,,
Hackney Wick,537036,184588,51.54355841,-0.025245085,2,0,0,0,,,
Hadley Wood,526197,198199,51.66840289,-0.176566732,6,0,0,0,,,
Haggerston,533560,183953,51.53868474,-0.075580841,2,0,0,0,,,
Hainault,545124,191411,51.60284531,0.094122987,4,36,141.2,3737,Central,May 31 1948,2.525
Hammersmith (District),523474,178483,51.4918198,-0.222846527,2,5,104.4,0,District,September 9 1874,27.435
Hammersmith (Met.),523346,178665,51.49348338,-0.224625755,2,5,100.4,0,Hammersmith & City[m],June 13 1864,8.6
Hampstead,526408,185757,51.55654262,-0.178000138,2,108,149.475,6697,Northern,June 22 1907,4.732
Hampstead Heath,527344,185631,51.55519994,-0.164551761,3,0,0,0,,,
Hampton,513299,169797,51.4158796,-0.372120876,6,0,0,0,,,
Hampton Court,515376,168332,51.40229392,-0.342742779,6,0,0,0,,,
Hampton Wick,517407,169752,51.41464008,-0.313089232,6,0,0,0,,,
Hanger Lane,518506,182621,51.53007207,-0.292981732,3,40,131.9,4587,Central,June 30 1947,3.151
Hanwell,515426,180560,51.512186,-0.338037476,4,0,0,0,,,
Harlesden,520952,183367,51.53625836,-0.257481259,3,38,131.8,3201,Bakerloo,April 16 1917,2.23
Harold Wood,554858,190626,51.59320219,0.234218507,6,0,0,0,,,
Harringay,531395,188200,51.57735792,-0.105193824,3,0,0,0,,,
Harringay Green Lanes,531880,188189,51.5771459,-0.098202963,3,0,0,0,,,
Harrow and Wealdstone,515486,189508,51.59259467,-0.334238252,5,52,154.2,0,Bakerloo,April 16 1917,3.893
Harrow-on-the-Hill,515329,188035,51.57938816,-0.336987088,5,69,167.1,15213,Metropolitan,August 2 1880,8.591
Hatch End,513024,191370,51.60982855,-0.369164342,6,0,0,0,,,
Hatton Cross,509614,175369,51.46668536,-0.42336617,5,22,113.4,4868,Piccadilly,July 19 1975,2.715
Haydons Road,526012,171161,51.42545734,-0.188914978,3,0,0,0,,,
Hayes,540003,165993,51.37573671,0.010157018,5,0,0,0,,,
Hayes and Harlington,509717,179417,51.50304913,-0.420627499,5,0,0,0,,,
Headstone Lane,513892,190574,51.60249967,-0.356893078,5,0,0,0,,,
Heathrow Terminal 4,507939,174565,51.45978048,-0.447715199,6,23,112.9,2963,Piccadilly,April 12 1986,1.768
Heathrow Terminal 5,504934,175642,51.47002549,-0.490633109,6,23,110.3,0,Piccadilly,March 27 2008,2.982
Heathrow Terminals 1 2 3,507587,175838,51.47128946,-0.452392831,6,23,109.6,0,Piccadilly,December 16 1977,8.269
Hendon Central,522959,188631,51.58313307,-0.22671971,3,64,161.5,8472,Northern,November 19 1923,6.076
Herne Hill,531934,174486,51.45399138,-0.102548518,4,0,0,0,,,
Heron Quays,537386,180127,51.50338657,-0.021939127,2,0,0,0,DLR (Lewisham Branch),August 31 1987,No Data
High Barnet,525027,196310,51.65168828,-0.194150928,5,111,198.4,4165,Northern,April 14 1940,2.731
High Street Kensington,525622,179527,51.50072947,-0.191551653,1,13,107.3,19873,,,
Highams Park,538581,191841,51.60835599,-0.000120847,4,0,0,0,,,
Highbury and Islington,531562,184770,51.54649552,-0.104067721,2,34,117.855,0,Victoria,September 1 1968,14.327
Highgate,528503,188158,51.57764663,-0.146920433,3,100,162.67,7031,Northern,January 19 1941,4.968
Hillingdon,507567,185015,51.55377757,-0.449883572,6,36,136.7,2050,Metropolitan,December 10 1923,1.333
Hither Green,538997,174497,51.45240172,-0.000956523,3,0,0,0,,,
Holborn,530553,181488,51.51723575,-0.119826098,1,23,90.925,54629,Central,December 15 1906,30.098
Holland Park,524564,180215,51.50714651,-0.206543371,2,14,95.21,5634,Central,July 30 1900,3.505
Holloway Road,530930,185457,51.55281612,-0.112921276,2,29,115.4,12074,Piccadilly,December 15 1906,7.672
Homerton,536108,184901,51.54659545,-0.038497928,2,24,118.2,0,,,
Honor Oak Park,536002,174221,51.45064825,-0.044138732,3,0,0,0,,,
Hornchurch,553931,186274,51.55435508,0.218941418,6,0,0,3218,District,June 2 1902,1.949
Hornsey,530911,189202,51.58647486,-0.111801206,3,0,0,0,,,
Hounslow,513902,174998,51.46250486,-0.361781864,5,0,0,0,,,
Hounslow Central,513592,175928,51.47092581,-0.365943734,4,20,124.9,5505,Piccadilly[l],April 1 1886,3.799
Hounslow East,514327,176254,51.47370794,-0.355260926,4,20,125.8,5299,Piccadilly[l],May 2 1909,4.022
Hounslow West,512215,176140,51.47310576,-0.385693233,5,23,117.7,4539,Piccadilly[l],July 21 1884,3.101
Hoxton,533582,183142,51.53139162,-0.075571233,1,0,0,0,,,
Hyde Park Corner,528330,179801,51.50258403,-0.152459709,1,16,88.91,8426,Piccadilly,December 15 1906,6.189
Ickenham,508127,185811,51.56082511,-0.441565089,6,43,138.1,1801,Metropolitan,September 25 1905,1.009
Ilford,543501,186501,51.55914223,0.068699614,4,0,0,0,Piccadilly[k],,
Imperial Wharf,526299,176674,51.47493895,-0.182823108,2,0,0,0,,,
Island Gardens,538228,178432,51.48795009,-0.010478902,2,0,0,0,DLR (Lewisham Branch),August 31 1987,No Data
Isleworth,515570,176430,51.47503746,-0.337314369,4,0,0,0,,,
Kenley,532400,160100,51.32460032,-0.101205363,6,0,0,0,,,
Kennington,531660,178337,51.48866247,-0.105056213,2,3,85.735,6276,Northern,December 18 1890,4.125
Kensal Green,523241,182784,51.53052424,-0.22469897,2,42,135.4,3428,Bakerloo,October 1 1916,2.185
Kensal Rise,523501,183201,51.53421509,-0.220806564,2,0,0,0,,,
Kensington (Olympia),524324,179178,51.49787972,-0.210364839,2,4,102.1,1545,District,July 1 1864,1.275
Kent House,535999,170000,51.41271766,-0.045801176,4,0,0,0,,,
Kentish Town,529029,185096,51.55000954,-0.140456844,2,37,114.385,10166,Northern,June 22 1907,7.279
Kentish Town West,528603,184700,51.54654799,-0.146741991,2,0,0,0,,,
Kenton,516833,188304,51.58149632,-0.315202437,4,56,149.4,2462,Bakerloo,April 16 1917,1.677
Kew Bridge,518898,178172,51.49000465,-0.288832094,3,0,0,0,,,
Kew Gardens,519173,176708,51.47678917,-0.285366614,3,8,106,4621,District,June 1 1877,3.224
Kidbrooke,540999,175697,51.46269018,0.028314632,3,0,0,0,,,
Kilburn,524589,184644,51.54694446,-0.2046183,2,45,152.2,12582,Jubilee[e],November 24 1879,7.852
Kilburn High Road,525553,183591,51.53726776,-0.19109869,2,0,0,0,,,
Kilburn Park,525361,183349,51.53513556,-0.193951642,2,27,119.52,4956,Bakerloo,January 31 1915,4.068
King George V,543231,180135,51.5020086,0.062220619,3,0,0,0,DLR (Woolwich Arsenal Branch),December 2 2005,No Data
King's Cross,530312,182991,51.53079821,-0.122742007,1,0,0,0,,,
Kings Cross St. Pancras,530236,182935,51.53031248,-0.123857716,1,17,98.07125,0,Metropolitan[b],January 10 1863,66.153
Kingsbury,519361,188739,51.58487655,-0.278587177,4,43,138.3,5084,Jubilee[e],December 10 1932,3.333
Kingston,518244,169549,51.4126418,-0.301126663,6,0,0,0,Northern,Metropolitan line,
Knightsbridge,527765,179650,51.50135492,-0.160650081,1,9,86.72,30352,Piccadilly,December 15 1906,20.162
Knockholt,548499,162896,51.34575192,0.130845395,6,0,0,0,,,
Ladbroke Grove,524284,181328,51.5172107,-0.210183763,2,14,119.4,6934,Hammersmith & City[m],June 13 1864,5.121
Ladywell,537716,174884,51.45619214,-0.019230011,3,0,0,0,Circle,,
Lambeth North,531165,179489,51.49912996,-0.111753857,1,3,86.475,4333,Bakerloo,March 10 1906,3.31
Lancaster Gate,526711,180796,51.51189096,-0.17541552,1,18,102.47,8745,Central,July 30 1900,6.482
Langdon Park,537807,181863,51.51888394,-0.015199389,2,0,0,0,DLR (Stratford Branch),December 9 2007,No Data
Latimer Road,523789,180954,51.51395812,-0.217445257,2,8,114,3249,Hammersmith & City[m],December 16 1868,1.978
Lee,540002,174197,51.44945852,0.013379081,3,0,0,0,Circle,,
Leicester Square,529987,180812,51.5112912,-0.12822774,1,20,90.135,47307,Piccadilly,December 15 1906,35.556
Lewisham,538163,175863,51.46488071,-0.012418308,4,0,0,0,DLR (Lewisham Branch),November 11 1999,No Data
Leyton,538295,186244,51.55813227,-0.006450909,3,15,110,18307,Central,May 5 1947,12.345
Leyton Midland Road,538150,187490,51.56936424,-0.008051921,3,0,0,0,,,
Leytonstone,539345,187429,51.56852229,0.009154878,3,23.2,123.1,14792,Central,May 5 1947,9.7
Leytonstone High Road,539298,186903,51.56380734,0.008268893,3,0,0,0,,,
Limehouse,536150,181087,51.51231217,-0.039365669,2,0,0,0,DLR (Bank Branch),August 31 1987,No Data
Liverpool Street,533160,181596,51.51759827,-0.082235212,1,14,99.935,104503,Metropolitan[b],February 1 1875,60.908
London Bridge,532937,180152,51.50467436,-0.085991192,1,4,78.6025,89124,Northern,February 25 1900,61.495
London City Airport,542231,180294,51.50368966,0.047887121,3,0,0,0,DLR (Woolwich Arsenal Branch),December 2 2005,No Data
London Fields,534795,184212,51.54071885,-0.057685269,2,0,0,0,,,
Loughborough Junction,531902,175897,51.46667891,-0.102482948,2,0,0,0,,,
Loughton,542314,195641,51.64157047,0.055293528,6,27,129.6,4177,Central,November 21 1948,2.672
Lower Sydenham,536831,171372,51.42484685,-0.033315961,4,0,0,0,,,
Maida Vale,525967,182792,51.52999508,-0.185418233,2,31,116.58,4557,Bakerloo,June 6 1915,3.161
Malden Manor,521101,166497,51.38460957,-0.261106048,4,0,0,0,,,
Manor House,532074,187482,51.57074715,-0.09567055,4,38,119.51,13171,Piccadilly,September 19 1932,8.83
Manor Park,541929,185757,51.55285434,0.045738291,3,0,0,0,,,
Mansion House,532347,180962,51.51209176,-0.09418325,1,14,105,9408,District[i],July 3 1871,7.034
Marble Arch,527875,181056,51.51396551,-0.158556807,1,27,101.405,21129,Central,July 30 1900,16.619
Maryland,539175,184881,51.54566827,0.005696073,3,0,0,0,Bakerloo,March 27 1907,11.73
Marylebone,527510,181985,51.52239669,-0.163478152,1,29,106.37,18024,,,
Maze Hill,539194,177909,51.48301366,0.003219296,3,0,0,0,,,
Mile End,536577,182545,51.52531097,-0.032651672,2,12,104.775,18755,District[j],June 2 1902,13.522
Mill Hill Broadway,521300,191900,51.61287116,-0.249522629,4,0,0,0,,,
Mill Hill East,524057,191460,51.60831667,-0.209881274,4,65,170.8,1513,Northern,May 18 1941,1.043
Mitcham Eastfields,528488,169323,51.40838393,-0.153987343,3,0,0,0,,,
Mitcham Junction,528292,167611,51.39304259,-0.157422273,4,0,0,0,,,
Monument,532907,180814,51.51063043,-0.086173906,1,14.3,106.2,0,District[i],October 6 1884,40.655[6]
Moor Park,508563,193509,51.62993072,-0.432898582,6,57,161.5,1250,Metropolitan,May 9 1910,0.771
Moorgate,532688,181677,51.51843715,-0.089003278,1,14,98.62,41423,Metropolitan[b],December 23 1865,21.182
Morden,525664,168563,51.40218598,-0.194837608,4,18,113.6,9995,Northern,September 13 1926,6.982
Morden South,525301,167900,51.39630772,-0.20028719,4,0,0,0,,,
Mornington Crescent,529193,183359,51.53436223,-0.138729935,2,24,108.71,5830,Northern,June 22 1907,4.479
Mortlake,520458,175779,51.46816797,-0.26718892,3,0,0,0,,,
Motspur Park,522581,167724,51.39531966,-0.239425375,4,0,0,0,,,
Mottingham,542600,173197,51.43982497,0.050338588,4,0,0,0,,,
Mudchute,537908,178789,51.49123619,-0.014945543,2,0,0,0,DLR (Lewisham Branch),August 31 1987,No Data
Neasden,521415,185422,51.55462775,-0.250100624,3,38,132.2,4947,Jubilee[e],August 2 1880,2.854
New Barnet,526502,195996,51.64853679,-0.172955263,5,0,0,0,,,
New Beckenham,536718,170463,51.41670555,-0.035290571,4,0,0,0,,,
New Cross,536750,177110,51.47642942,-0.032264414,2,11,0,3922,,,
New Cross Gate,536250,176967,51.47526493,-0.039514655,2,13,0,4842,,,
New Eltham,544005,172999,51.43769065,0.070459003,4,0,0,0,,,
New Malden,521392,168612,51.40355594,-0.256203732,4,0,0,0,,,
New Southgate,528672,192218,51.61409368,-0.142995336,4,0,0,0,,,
Newbury Park,544947,188378,51.57563834,0.090317586,4,19,117,5083,Central,December 14 1947,3.93
Norbiton,519424,169495,51.41190939,-0.284185571,5,0,0,0,,,
Norbury,530650,169690,51.41118852,-0.122785025,3,0,0,0,,,
North Acton,520831,181937,51.52343246,-0.259715116,2,33,124.4,7988,Central,November 5 1923,4.716
North Dulwich,532950,174567,51.45448182,-0.087904291,4,0,0,0,,,
North Ealing,518816,181243,51.51762232,-0.288979143,3,36,132.5,1361,Piccadilly[h],June 23 1903,0.936
North Greenwich,539168,179827,51.50025515,0.003600664,2,2,86.46,25405,Jubilee,May 14 1999,18.103
North Harrow,513540,188578,51.58463134,-0.362618562,5,51,157,2407,Metropolitan,March 22 1915,1.449
North Sheen,519132,175442,51.46541965,-0.286383073,3,0,0,0,,,
North Wembley,517663,186198,51.56239633,-0.303933795,4,48,142,2144,Bakerloo,April 16 1917,1.467
Northfields,517051,179296,51.50049171,-0.315050414,3,24,119.3,6188,Piccadilly[l],April 16 1908,3.924
Northolt,513228,184519,51.54821295,-0.368426176,5,43,137.8,5278,Central,November 21 1948,3.737
Northolt Park,513829,185579,51.55761909,-0.359419774,5,0,0,0,Metropolitan,June 28 1923,3.617
Northwick Park,516634,187967,51.57850873,-0.318184963,4,56,157.9,5949,,,
Northwood,509236,191441,51.61121366,-0.423823347,6,77,171.6,3133,Metropolitan,September 1 1887,1.934
Northwood Hills,510267,190305,51.6008027,-0.409296922,6,71,165,2034,Metropolitan,November 13 1933,1.316
Norwood Junction,534001,168193,51.39695433,-0.075195484,4,0,0,0,,,
Notting Hill Gate,525296,180481,51.50937536,-0.195907211,1,28,109.64,23952,District[c],October 1 1868,17.365
Nunhead,535293,175975,51.46657999,-0.053665349,2,0,0,0,Central,,
Oakleigh Park,527001,194800,51.63767638,-0.166180519,4,0,0,0,Circle,,
Oakwood,529349,195968,51.64763798,-0.131839089,5,88,181.8,4068,Piccadilly,March 13 1933,2.915
Old Street,532764,182474,51.52558148,-0.087608545,1,17,91.99,29546,Northern,November 17 1901,19.608
Orpington,545500,165900,51.37352004,0.089043266,6,0,0,0,,,
Osterley,514529,177094,51.48121685,-0.352081698,4,30,124.2,3186,Piccadilly[l],May 1 1883,2.064
Oval,531108,177516,51.48141261,-0.113306677,2,4,88.28,8631,Northern,December 18 1890,5.792
Oxford Circus,529102,181227,51.51522342,-0.140821762,1,27,103.1433333,120295,Central,July 30 1900,73.971
Paddington,526680,181185,51.51539381,-0.175722343,1,25,116.8233333,57977,Hammersmith & City[d],January 10 1863,42.025
Palmers Green,530925,192798,51.61878676,-0.110258058,4,0,0,0,District,,
Park Royal,519074,182274,51.52683405,-0.284914505,3,47,142.2,2639,Piccadilly,June 23 1903,1.626
Parsons Green,525029,176645,51.47496018,-0.201110096,2,3,108,7749,District,March 1 1880,5.45
Peckham Rye,534152,176271,51.46951137,-0.069969158,2,0,0,0,,,
Penge East,535374,170791,51.41997536,-0.054480886,4,0,0,0,,,
Penge West,534952,170567,51.41806294,-0.060631386,4,0,0,0,,,
Perivale,516404,183270,51.53634186,-0.323056006,4,20,126.6,3089,Central,June 30 1947,2.031
Petts Wood,544440,167548,51.38859898,0.074494399,5,0,0,0,,,
Piccadilly Circus,529612,180625,51.50969676,-0.13369719,1,19,90.285,54443,Bakerloo,March 10 1906,38.567
Pimlico,529711,178386,51.48955288,-0.133093857,1,5,83.91,12927,Victoria,September 14 1972,8.392
Pinner,512233,189409,51.59236172,-0.381209357,5,54,153.5,3883,Metropolitan,May 25 1885,2.258
Plaistow,540058,183305,51.53128833,0.017795056,3,9,102.4,8844,District[j],June 2 1902,6.164
Plumstead,544803,178820,51.48979241,0.084314018,4,45,141.1,0,Hammersmith & City,,
Ponders End,536097,195599,51.6427307,-0.034510655,5,0,0,0,,,
Pontoon Dock,541226,180102,51.50221621,0.033340113,3,0,0,0,DLR (Woolwich Arsenal Branch),December 2 2005,No Data
Poplar,537698,180603,51.50758807,-0.017261086,2,0,0,0,DLR,August 31 1987,No Data
Preston Road,518260,187292,51.57210376,-0.294957586,4,0,0,4650,Metropolitan,May 21 1908,2.949
Prince Regent,541215,180905,51.50943455,0.033502981,3,0,0,0,DLR (Beckton Branch),March 28 1994,No Data
Pudding Mill Lane,537930,183585,51.53432786,-0.012754097,2,0,0,0,DLR (Stratford Branch),January 15 1996,No Data
Purley,531500,161497,51.33736357,-0.113599164,6,0,0,0,,,
Purley Oaks,532503,162594,51.34698935,-0.098800977,6,0,0,0,,,
Putney,523992,175061,51.46095256,-0.216588981,2,0,0,0,,,
Putney Bridge,524476,175842,51.46786536,-0.209351023,2,4,111,9082,District,March 1 1880,5.648
Queens Park,524612,183239,51.53431268,-0.204783734,2,38,132.4,0,Bakerloo,February 11 1915,5.286
Queens Road Peckham,535015,176825,51.47428472,-0.057340583,2,0,0,0,,,
Queensbury,518802,189728,51.59388301,-0.286317163,4,48,151.2,5064,Jubilee[e],December 16 1934,3.193
Queenstown Road,528763,176738,51.47495914,-0.147340916,2,0,0,0,,,
Queensway,525883,180615,51.51044926,-0.187405495,1,27,103.095,11697,Central,July 30 1900,8.479
Radlett,516375,199856,51.68541331,-0.317973171,,0,0,0,,,
Rainham,552097,182099,51.51734049,0.190706385,6,0,0,0,,,
Ravensbourne,538699,170201,51.41387038,-0.006923438,4,0,0,0,,,
Ravenscourt Park,522558,178711,51.49406801,-0.235954831,2,5,111,4318,District,June 1 1877,2.503
Rayners Lane,512979,187538,51.57539678,-0.371046386,5,55,148.8,6165,Metropolitan,May 26 1906,3.914
Raynes Park,523206,169303,51.40937537,-0.229898564,4,0,0,0,,,
Rectory Road,534001,186199,51.55876348,-0.068371242,2,0,0,0,Piccadilly[k],,
Redbridge,541833,188371,51.57636691,0.045408473,4,12,106.765,3562,Central,December 14 1947,2.555
Reedham,530835,160821,51.33144173,-0.123388273,6,0,0,0,,,
Regents Park,528765,182174,51.52381069,-0.145329999,1,28,103.185,0,Bakerloo,March 10 1906,3.272
Richmond,518072,175174,51.46323292,-0.301724741,4,8,107,10806,District,June 1 1877,7.601
Rickmansworth,505717,194605,51.64032307,-0.473670136,7,58,157.6,3112,Metropolitan,September 1 1887,1.904
Riddlesdown,532497,161001,51.33267484,-0.099479316,6,0,0,0,,,
Roding Valley,541612,192882,51.61695644,0.044040648,4,31,131.2,301,Central,November 21 1948,0.209
Romford,551377,188455,51.57464157,0.1830697,6,0,0,0,,,
Rotherhithe,535239,179870,51.50159451,-0.052951891,2,2,0,1933,,,
Royal Albert,542029,180823,51.50849386,0.045191552,3,0,0,0,DLR (Beckton Branch),March 28 1994,No Data
Royal Oak,525764,181485,51.51829438,-0.188809263,2,27,121,2424,Hammersmith & City[m],October 30 1871,1.765
Royal Victoria,540139,180833,51.50905523,0.01797982,3,0,0,0,DLR (Beckton Branch),March 28 1994,No Data
Ruislip,509510,187102,51.57216197,-0.421220499,6,46,145.6,2557,Metropolitan,July 4 1904,1.582
Ruislip Gardens,510367,185763,51.55996023,-0.409279688,5,37,141.5,1186,Central,November 29 1948,0.958
Ruislip Manor,510088,187258,51.57345162,-0.412834927,6,44,149.6,2356,Metropolitan,August 5 1912,1.56
Russell Square,530207,182122,51.52301305,-0.124575786,1,23,89.82,21155,Piccadilly,December 15 1906,14.045
Sanderstead,532855,162743,51.34824626,-0.093694143,6,0,0,0,,,
Selhurst,532993,167636,51.39218578,-0.089884667,4,0,0,0,,,
Seven Kings,545401,187095,51.56399334,0.096333999,4,0,0,0,,,
Seven Sisters,533646,188927,51.58336217,-0.072452392,3,11,92.99,20524,Victoria,September 1 1968,12.385
Shadwell,534936,180942,51.51130016,-0.056904799,2,11,0,2888,DLR (Bank Branch),August 31 1987,No Data
Shepherds Bush,523741,179904,51.50453218,-0.218504754,2,6,89.82,0,Central,July 30 1900,18.962
Shepherds Bush Market,523121,180039,51.50588074,-0.227386087,2,6,111.9,0,Hammersmith & City[m],June 13 1864,2.96
Shoreditch High Street,533501,182258,51.52346683,-0.077073013,1,13,0,0,Circle,resited 1 April 1914,
Shortlands,539399,169300,51.40560237,0.002781919,4,0,0,0,,,
Sidcup,546300,172698,51.43439844,0.103329743,5,0,0,0,,,
Silver Street,533544,192472,51.61524249,-0.072575301,4,0,0,0,,,
Slade Green,552250,176584,51.46774763,0.190532782,6,0,0,0,,,
Sloane Square,528080,178657,51.49235978,-0.156474456,1,6,97.6,21999,District[i],December 24 1868,14.417
Smitham,530098,159802,51.32245297,-0.134332709,6,0,0,0,Circle,,
Snaresbrook,540161,188828,51.58089127,0.021478358,4,22,127.4,3181,Central,December 14 1947,2.433
South Acton,520166,179279,51.49968586,-0.270200803,3,0,0,0,,,
South Bermondsey,535156,178319,51.48767662,-0.054740421,2,0,0,0,,,
South Croydon,532896,164358,51.36275021,-0.092503002,5,0,0,0,,,
South Ealing,517605,179437,51.50164406,-0.30702584,3,24,120.3,5380,Piccadilly[l],May 1 1883,3.342
South Hampstead,526425,184081,51.54147687,-0.178356783,2,0,0,0,,,
South Harrow,514334,186376,51.56468021,-0.351879546,5,61,166.8,3551,Piccadilly[h],June 28 1903,2.272
South Kensington,526865,178817,51.49407139,-0.173908621,1,7,93.115,43472,District[i],December 24 1868,28.243
South Kenton,517350,187153,51.57104449,-0.308128551,4,43,146.4,1321,Bakerloo,July 3 1933,0.853
South Merton,524917,168662,51.40324058,-0.205535927,4,0,0,0,DLR (Lewisham Branch),August 31 1987,No Data
South Quay,537636,179853,51.50086361,-0.018446288,2,0,0,0,Central,November 23 1948,1.607
South Ruislip,511080,185437,51.55689035,-0.399101488,5,37,141.4,2497,,,
South Tottenham,533697,188599,51.58040259,-0.071841527,3,0,0,0,Northern,September 13 1926,3.8
South Wimbledon,525828,170033,51.41536073,-0.191960168,4,14,101.32,5677,,,
South Woodford,540577,190026,51.59155261,0.027957512,4,28,128.8,6078,Central,December 14 1947,4.093
Southall,512620,179804,51.50595696,-0.378696784,4,0,0,0,,,
Southbury,534803,196199,51.64843373,-0.052968859,5,0,0,0,,,
Southfields,524730,173291,51.44488334,-0.206594999,3,23,117,8239,District,June 3 1889,5.511
Southgate,529675,194278,51.63237586,-0.127755601,4,71,160.23,7716,Piccadilly,March 13 1933,4.96
Southwark,531566,180025,51.50385363,-0.105780534,1,4,79.51,15114,Jubilee,September 24 1999,10.033
St Helier,525408,167191,51.38991219,-0.199000222,4,0,0,0,,,
St James Street,536402,188694,51.58060867,-0.032790132,3,0,0,0,,,
St Johns,537400,176298,51.4689753,-0.023226267,2,0,0,0,,,
St Margarets,516732,174250,51.45520603,-0.321309858,4,0,0,0,,,
St Mary Cray,546698,168298,51.39475939,0.107232271,6,0,0,0,,,
St Pancras,530122,182959,51.53055442,-0.125491368,1,0,0,0,,,
St. James's Park,529629,179503,51.49960981,-0.133864351,1,4,98.2,24666,District[i],December 24 1868,13.425
St. Johns Wood,526742,183352,51.53485443,-0.174050425,2,49,131.44,0,Jubilee[g],November 20 1939,6.523
St. Pauls,532105,181261,51.51483531,-0.097556592,1,17,92.59,0,Central,July 30 1900,14.155
Stamford Brook,521913,178738,51.49445,-0.245231907,2,5,111.4,4244,District,February 1 1912,2.433
Stamford Hill,533381,187928,51.57444761,-0.076653914,3,0,0,0,,,
Stanmore,517574,192569,51.61967348,-0.303084851,5,85,176.8,4496,Jubilee[e],December 10 1932,2.781
Star Lane,539148,182091,51.52060425,0.004205414,3,0,0,0,,,
Stepney Green,535566,182149,51.52199584,-0.047368112,2,10,102.82,6185,District[j],June 23 1902,4.138
Stockwell,530473,176470,51.47215927,-0.122831909,2,6,92.3,11067,Northern,December 18 1890,7.867
Stoke Newington,533710,186845,51.56463762,-0.07232097,2,0,0,0,Victoria,,
Stonebridge Park,519690,184197,51.54398659,-0.275386023,3,24,131.5,3429,Bakerloo,April 16 1917,2.396
Stoneleigh,522021,164155,51.36336408,-0.248695296,5,0,0,0,,,
Stratford,538533,184421,51.54169258,-0.003737223,3,4,105.6,38540,Central,December 4 1946,26.99
Stratford High Street,538729,184032,51.53814895,-0.00106594,3,0,0,0,,,
Stratford International,538175,184758,51.54480854,-0.008764015,3,0,0,0,,,
Strawberry Hill,515500,172502,51.43974787,-0.339603346,5,0,0,0,,,
Streatham,529946,171303,51.42584588,-0.132311116,3,0,0,0,,,
Streatham Common,529729,170534,51.41898469,-0.135711786,3,0,0,0,,,
Streatham Hill,530233,172714,51.43846038,-0.127667096,3,0,0,0,,,
Sudbury and Harrow Road,516853,185300,51.55449382,-0.31591182,4,0,0,0,,,
Sudbury Hill,515427,185584,51.5573396,-0.336377693,4,60,154.2,3512,,,
Sudbury Hill Harrow,515490,185697,51.55834231,-0.335432271,4,0,0,0,,,
Sudbury Town,516832,184955,51.55139748,-0.316329065,4,48,147.6,3829,Piccadilly[h],June 28 1903,2.161
Sundridge Park,540599,170200,51.4133938,0.020379486,4,0,0,0,,,
Surbiton,518070,167315,51.39259957,-0.304370189,6,0,0,0,,,
Surrey Quays,535641,178954,51.49326686,-0.047515585,2,2,0,3433,,,
Sutton,526028,163823,51.35950616,-0.191287651,5,0,0,0,,,
Sutton Common,525593,165598,51.37555472,-0.196905547,4,0,0,0,,,
Swiss Cottage,526611,184259,51.54303487,-0.175612186,2,57,140.11,11113,Jubilee[g],November 20 1939,6.649
Sydenham,535311,171609,51.42734126,-0.055074289,3,0,0,0,,,
Sydenham Hill,533548,172145,51.4325759,-0.080215825,3,0,0,0,,,
Syon Lane,516306,177163,51.48147473,-0.326480636,4,0,0,0,,,
Teddington,516019,170817,51.42449754,-0.332690957,6,0,0,0,,,
Temple,530995,180810,51.51104062,-0.113711342,1,5,99.2,13723,District[i],May 30 1870,9.642
Thames Ditton,515721,166818,51.38861611,-0.338278468,6,0,0,0,Central,September 25 1949,0.674
Theydon Bois,545509,199180,51.67255207,0.102905195,6,54,153.1,1076,,,
Thornton Heath,532242,168317,51.39848109,-0.100418793,4,0,0,0,,,
Tolworth,519834,165603,51.37684335,-0.279605749,5,0,0,0,,,
Tooting,527969,170591,51.41989665,-0.160988093,3,0,0,0,,,
Tooting Bec,528015,172366,51.43583808,-0.159686108,3,28,111.62,10667,Northern,September 13 1926,6.428
Tooting Broadway,527415,171373,51.42704916,-0.168670146,3,16,103.22,20276,Northern,September 13 1926,12.975
Tottenham Court Road,529774,181354,51.51621089,-0.131096029,1,25,97.235,58170,Central,July 30 1900,34.869
Tottenham Hale,534483,189465,51.58799779,-0.06017339,3,11,91.73,11935,Victoria,September 1 1968,7.753
Totteridge and Whetstone,526111,193951,51.63024674,-0.179339818,4,75,173.8,0,Northern,April 14 1940,1.777
Tower Gateway,533725,180809,51.51039265,-0.07439547,1,0,0,0,DLR (Tower Gateway Branch),August 31 1987,No Data
Tower Hill,533566,180805,51.51039428,-0.076686791,1,14,106.95,30416,District[i],September 25 1882,21.613
Tufnell Park,529200,185816,51.55644081,-0.137727753,2,44,123.29,4599,Northern,June 22 1907,3.696
Tulse Hill,531797,172903,51.43979744,-0.105108124,3,0,0,0,,,
Turkey Street,535129,198903,51.67265367,-0.047215472,6,0,0,0,,,
Turnham Green,521267,178804,51.49518197,-0.254510165,2,5,110.9,9342,District,June 1 1877,5.854
Turnpike Lane,531524,189650,51.59035815,-0.102790608,3,21,106.28,15284,Piccadilly,September 19 1932,9.619
Twickenham,516221,173687,51.45025099,-0.328845838,5,0,0,0,,,
Upminster,556167,186833,51.55876333,0.251415224,6,28,119.2,7628,District,June 2 1902,4.427
Upminster Bridge,555002,186681,51.55771877,0.234556311,6,15,119.3,1204,District,December 17 1934,0.865
Upney,545844,184260,51.53840563,0.101546161,4,12,106.3,3064,District,September 12 1932,1.874
Upper Holloway,529778,186630,51.56362332,-0.129094939,2,0,0,0,,,
Upper Warlingham,534100,158383,51.30877226,-0.077467317,6,0,0,0,,,
Upton Park,541204,183931,51.5366282,0.034556256,3,11,105.3,13454,District[j],June 2 1902,10.359
Uxbridge,505698,184161,51.54645456,-0.477087141,6,40,140.1,10517,Metropolitan,July 4 1904,6.753
Vauxhall,530366,177978,51.48573582,-0.123815553,1,4,86.28,28434,Victoria,July 23 1971,18.302
Victoria,528941,179131,51.49642397,-0.143906303,1,4.6,91.085,122344,District[i],December 24 1868,77.444
Waddon,531151,164828,51.36737927,-0.117379714,5,0,0,0,Circle,,
Wallington,528841,163985,51.36033156,-0.150849475,5,0,0,0,Victoria,,
Walthamstow Central,537286,188986,51.58301812,-0.019926114,3,24,106.8,20588,Victoria,September 1 1968,13.437
Walthamstow Queens Road,537020,188815,51.58154619,-0.023829513,3,0,0,0,,,
Wandsworth Common,527719,173530,51.44636562,-0.163522593,3,0,0,0,,,
Wandsworth Road,529354,176226,51.47022322,-0.139023281,2,0,0,0,,,
Wandsworth Town,525985,175119,51.4610341,-0.187895646,2,0,0,0,,,
Wanstead,540685,188176,51.57490215,0.0287749,4,29,109.635,3578,Central,December 14 1947,2.2
Wanstead Park,540592,185600,51.55177807,0.026404364,3,0,0,0,,,
Wapping,535030,180170,51.50434032,-0.055846409,2,4,0,2268,,,
Warren Street,529253,182272,51.52458001,-0.138263919,1,27,98.86,25283,Northern,June 22 1907,14.042
Warwick Avenue,526158,182030,51.52310446,-0.182938881,2,27,112.47,6264,Bakerloo,January 31 1915,4.231
Waterloo,531050,179933,51.50314665,-0.113244847,1,4,85.4,122204,Waterloo & City,March 10 1906,75.957
Watford,509579,196610,51.65760515,-0.417255553,7,70,164.8,2621,Metropolitan,November 2 1925,1.504
Watford High Street,511360,196098,51.65265375,-0.391682277,8,0,0,0,,,
Watford Junction,511023,197340,51.66388306,-0.396157501,,0,0,0,,,
Welling,546096,176073,51.46477708,0.101789432,4,0,0,0,,,
Wembley Central,518214,185039,51.55186482,-0.296377906,4,45,138.5,4874,Bakerloo,April 16 1917,4.228
Wembley Park,519373,186341,51.56332249,-0.279228128,4,41,136.7,16969,Metropolitan,May 12 1894,9.318
Wembley Stadium,518924,185366,51.55465461,-0.286032025,4,0,0,0,Central,November 5 1923,1.586
West Acton,519394,181273,51.51777018,-0.280642766,3,33,127.4,2439,,,
West Brompton,525383,178030,51.48732894,-0.195524412,2,7,102.04,6171,District,April 12 1869,3.715
West Croydon,532188,166098,51.37855219,-0.102019927,5,0,0,0,,,
West Drayton,506124,180122,51.51007128,-0.47216169,6,0,0,0,,,
West Dulwich,532798,173053,51.44091183,-0.090658291,3,0,0,0,,,
West Ealing,516690,180749,51.51362524,-0.319768546,3,0,0,0,,,
West Finchley,525507,191601,51.60926275,-0.188902671,4,78,177.3,1827,Northern,April 14 1940,1.185
West Ham,539202,182974,51.52852552,0.005331807,3,1,102.95,4673,District[j],June 2 1902,3.123
West Hampstead,525524,184726,51.54747436,-0.191112166,2,56,150.5,10285,Jubilee[e],June 30 1879,7.449
West Hampstead Thameslink,525423,184852,51.54862915,-0.1925231,2,0,0,0,,,
West Harrow,514163,187957,51.57892428,-0.353832268,5,53,157.5,1910,Metropolitan,November 17 1913,1.2
West India Quay,537471,180505,51.50676266,-0.020568041,2,0,0,0,DLR (Lewisham Branch),August 31 1987,No Data
West Kensington,524635,178321,51.49010939,-0.206189293,2,5,99.35,6949,District,September 9 1874,4.551
West Norwood,531956,171955,51.43124113,-0.103174752,3,0,0,0,,,
West Ruislip,508364,186791,51.56958792,-0.43784572,6,51,145.1,2005,Central,November 21 1948,1.496
West Silvertown,540455,180155,51.50288443,0.022260452,3,0,0,0,DLR (Woolwich Arsenal Branch),December 2 2005,No Data
West Sutton,525081,164539,51.36615016,-0.204630186,5,0,0,0,,,
West Wickham,538266,166563,51.3812842,-0.014561963,5,0,0,0,,,
Westbourne Park,524920,181764,51.52098887,-0.200868104,2,28,122.5,4148,Hammersmith & City[m],February 1 1866,2.899
Westcombe Park,540199,178103,51.48450889,0.0177601,3,0,0,0,Circle,resited 1 November 1871,
Westferry,537064,180814,51.50963815,-0.02630873,2,0,0,0,DLR (Bank Branch),August 31 1987,No Data
Westminster,530240,179718,51.50140161,-0.124987674,1,6,89.1475,27512,District[i],December 24 1868,19.08
White City,523296,180750,51.51223246,-0.224617523,2,7,105,12692,Central,November 23 1947,7.852
White Hart Lane,533693,191340,51.60503478,-0.070855889,3,0,0,0,,,
Whitechapel,534738,181859,51.51958779,-0.059406075,2,12,109.115,20192,District[j],October 1 1884,12.145
Whitton,514220,173568,51.44958823,-0.357667673,5,0,0,0,,,
Whyteleafe,533842,158505,51.30992933,-0.081120821,6,0,0,0,,,
Whyteleafe South,534169,157797,51.30348981,-0.076698172,6,0,0,0,Hammersmith & City,,
Willesden Green,523350,184884,51.54937331,-0.222393184,2,56,150.3,12843,Jubilee[e],November 24 1879,7.336
Willesden Junction,521905,182942,51.53223399,-0.243894729,3,40,134.5,5481,Bakerloo,May 10 1915,3.832
Wimbledon,524791,170647,51.42110787,-0.206648456,3,23,119.3,23623,District,June 3 1889,11.469
Wimbledon Chase,524306,169347,51.40953096,-0.214075394,3,0,0,0,,,
Wimbledon Park,525274,172158,51.43458098,-0.199171892,3,23,118.4,3127,District,June 3 1889,2.126
Winchmore Hill,531529,194494,51.63388687,-0.100902487,4,0,0,0,,,
Wood Green,531038,190427,51.59745374,-0.109512154,3,25,113.59,15942,Piccadilly,September 19 1932,10.84
Wood Lane,523314,180464,51.50965822,-0.224458201,2,6.7,113.1,0,Hammersmith and City,October 12 2008,3.1
Wood Street,538521,189426,51.58666994,-0.001939466,4,0,0,0,Circle,,
Woodford,540952,191778,51.60720184,0.034070641,4,32,131.1,6297,Central,December 14 1947,4.477
Woodgrange Park,541861,185332,51.54905253,0.044586916,3,0,0,0,Northern,April 12 1940,2.31
Woodmansterne,528720,159385,51.3190186,-0.154247781,6,0,0,0,,,
Woodside Park,525725,192564,51.61786842,-0.185411063,4,76,174.3,3466,,,
Woolwich Arsenal,543754,178803,51.48990711,0.069208308,4,0,0,0,DLR (Woolwich Arsenal Branch),January 10 2009,No Data
Woolwich Dockyard,542738,178908,51.49110779,0.05462675,3,0,0,0,,,
Worcester Park,522192,166133,51.38110452,-0.245560925,4,0,0,0,,,
